time	iter	pos_score_train	neg_score_train	pos_score_test	neg_score_test	average_loss	train_auc	dist_threshold	val_auc	val_precision	val_recall	test_auc	test_precision	test_recall	isSaved
26/05/2021 00:26:34	0	7.581246107816696	12.679658234119415	2.455880880355835	2.9489693641662598	9998.0	0.765625	2.795973777770996	0.6704248852138228	0.606473594548552	0.6234676007005254	0.7016421457673155	0.6047326906222612	0.7340425531914894	True
26/05/2021 00:28:58	1000	4.685606845617294	14.508480084508658	2.219463348388672	3.9200663566589355	10.157371520996094	0.951172375	2.924300193786621	0.9635628647930782	0.8142235123367199	0.9824868651488616	0.9506077410593028	0.8428571428571429	0.9414893617021277	True
26/05/2021 00:31:04	2000	4.622111929833889	15.667920588314534	2.2762718200683594	3.9519779682159424	9.091902732849121	0.9717385781250001	2.966177463531494	0.9718655015780224	0.8239644970414202	0.9754816112084063	0.941216613852422	0.8317399617590823	0.925531914893617	True
26/05/2021 00:33:11	3000	4.492782494649291	16.178835359692574	2.1934814453125	3.91015362739563	7.981133937835693	0.9818628125	2.947044849395752	0.9744295962777688	0.8310911808669657	0.9737302977232924	0.9493469895880489	0.8213627992633518	0.948936170212766	True
26/05/2021 00:35:18	4000	4.303030320286751	17.11970807942748	2.2550554275512695	3.847703695297241	7.538978576660156	0.98544384375	2.9867475032806396	0.9746044209163878	0.8636363636363636	0.9649737302977233	0.9394952467179718	0.8325312800769971	0.9202127659574468	True
26/05/2021 00:37:24	5000	4.2893052723556755	17.182123369038106	2.3313040733337402	4.088628768920898	7.356314182281494	0.9880752812500001	3.059455633163452	0.9663263209228288	0.8216939078751857	0.968476357267951	0.9434789497510185	0.8409311348205626	0.9223404255319149	False
26/05/2021 00:39:29	6000	4.233523080766201	17.357285342544316	2.255033254623413	4.2121357917785645	7.145469665527344	0.9897060156249999	3.087639808654785	0.9736996267340611	0.834575260804769	0.9807355516637478	0.9559240606609325	0.8455672068636797	0.9436170212765957	False
26/05/2021 00:41:34	7000	4.166912871822714	17.436689115405084	2.2592742443084717	4.084688663482666	7.0053887367248535	0.9907415	3.0160980224609375	0.9738928539662189	0.8348348348348348	0.9737302977232924	0.9505070167496604	0.8426640926640927	0.9287234042553192	False
26/05/2021 00:43:38	8000	4.057070653676987	17.272333355292677	2.249521493911743	4.063754558563232	6.70257043838501	0.991574234375	3.0010643005371094	0.9776439159492212	0.8458015267175573	0.9702276707530648	0.9517688999547307	0.8454810495626822	0.925531914893617	True
26/05/2021 00:45:45	9000	4.0054781736433505	18.220213598519564	2.238572120666504	4.063397407531738	6.440027713775635	0.9938047421874999	3.0440311431884766	0.9809778524786761	0.8577981651376146	0.9824868651488616	0.9534676324128566	0.8448438978240302	0.95	True
26/05/2021 00:47:51	10000	3.9246964192688467	18.16799183166027	2.378150463104248	4.349924087524414	6.34824800491333	0.9941488437500001	3.1990537643432617	0.9676850457457804	0.8014388489208633	0.9754816112084063	0.9425950656405613	0.8275862068965517	0.9191489361702128	False
26/05/2021 00:49:56	11000	3.8604697315469383	19.005026692301033	2.331855058670044	4.319005012512207	6.20170783996582	0.99463459375	3.160757541656494	0.978226664744618	0.8540706605222734	0.9737302977232924	0.9520569262109553	0.846079380445305	0.9297872340425531	False
26/05/2021 00:52:00	12000	3.8359464531689884	18.847733218580483	2.331613063812256	4.345347881317139	6.056994915008545	0.995038796875	3.1826438903808594	0.9767667256572026	0.8416289592760181	0.9772329246935202	0.9478361249434133	0.8265786993402451	0.9329787234042554	False
26/05/2021 00:54:05	13000	3.7264074080884457	19.506672643989326	2.322817087173462	4.275198459625244	5.879010200500488	0.996307078125	3.1477160453796387	0.9750062108753194	0.8343373493975904	0.9702276707530648	0.9534472612041648	0.8361581920903954	0.9446808510638298	False
26/05/2021 00:56:09	14000	3.835853001773357	18.529167185306548	2.262641668319702	4.195192813873291	6.485558032989502	0.9939478828124999	3.0837149620056152	0.9708901641204634	0.8366111951588502	0.968476357267951	0.9620246717971933	0.8796019900497513	0.9404255319148936	False
26/05/2021 00:58:14	15000	3.639968283444643	19.36638567110896	2.2746410369873047	4.210886001586914	5.687012672424316	0.9964287656249999	3.0964133739471436	0.9755950938685626	0.8515625	0.9544658493870403	0.9540391579900408	0.8440191387559809	0.9382978723404255	False
26/05/2021 01:00:18	16000	3.611721688643098	19.516006081014872	2.2776107788085938	4.403364181518555	5.640301704406738	0.99680978125	3.177978038787842	0.9808336988292883	0.8484848484848485	0.9807355516637478	0.9594443186962427	0.8555023923444977	0.951063829787234	False
26/05/2021 01:02:22	17000	3.562536957487464	19.765856975376607	2.2874531745910645	4.264278888702393	5.555060386657715	0.9967615000000001	3.140925884246826	0.9753190549654798	0.8503086419753086	0.9649737302977233	0.9484246265278405	0.8339658444022771	0.9351063829787234	False
26/05/2021 01:04:27	18000	3.5731494954302905	19.965488757669927	2.357966184616089	4.27962589263916	5.602621555328369	0.99680765625	3.1583547592163086	0.9703012811272202	0.835820895522388	0.9807355516637478	0.9421502942507921	0.8387715930902111	0.9297872340425531	False
26/05/2021 01:06:31	19000	3.5416730310618876	19.76113170018792	2.3327720165252686	4.46774959564209	5.480851650238037	0.997378203125	3.2372119426727295	0.9745492131357711	0.8377976190476191	0.9859894921190894	0.949726120416478	0.8326996197718631	0.9319148936170213	False
26/05/2021 01:08:36	20000	3.4699319061636924	20.246977048158644	2.3141300678253174	4.640469551086426	5.369555473327637	0.99776121875	3.2434258460998535	0.9734787956115949	0.843609022556391	0.9824868651488616	0.9614803078315979	0.8606719367588933	0.926595744680851	False
26/05/2021 01:10:40	21000	3.4523624439388514	20.1876480679512	2.2985682487487793	4.365363121032715	5.391127109527588	0.99720653125	3.0615179538726807	0.9718010925006364	0.8193832599118943	0.9772329246935202	0.9507650520597555	0.8655804480651731	0.9042553191489362	False
26/05/2021 01:12:45	22000	3.427172796115279	20.567609622478486	2.2935261726379395	4.379969120025635	5.287219047546387	0.9979693593750001	3.1016767024993896	0.9797019393266491	0.834575260804769	0.9807355516637478	0.9559223630602083	0.864039408866995	0.9329787234042554	False
26/05/2021 01:14:50	23000	3.4246885344982148	21.03954557174444	2.332656145095825	4.551427364349365	5.375091075897217	0.9974402578124999	3.2381234169006348	0.9788308832324769	0.8515151515151516	0.9842381786339754	0.9577546401086465	0.8675889328063241	0.9340425531914893	False
26/05/2021 01:16:54	24000	3.3365365592688323	20.940449140399693	2.352816343307495	4.442288398742676	5.187764644622803	0.9978970625000001	3.1871583461761475	0.9792602770817167	0.8512898330804249	0.9824868651488616	0.9549762335898596	0.8662733529990168	0.9372340425531915	False
26/05/2021 01:18:59	25000	3.3203872714042664	20.76744678941369	2.363652467727661	4.570340156555176	5.082613945007324	0.9984316562500001	3.281981945037842	0.9756687042427179	0.8264705882352941	0.9842381786339754	0.9483091896785877	0.8398849472674976	0.9319148936170213	False
26/05/2021 01:21:04	26000	3.3956510538905857	21.616644953012468	2.369175910949707	4.482841491699219	5.441469192504883	0.997058546875	3.229722261428833	0.9693504804610463	0.8313253012048193	0.9667250437828371	0.9459212313263922	0.8513779527559056	0.9202127659574468	False
26/05/2021 01:23:08	27000	3.2729031865894793	20.13380491989851	2.3108129501342773	4.413070201873779	5.058657169342041	0.99836815625	3.133721113204956	0.9749264663033177	0.8519083969465648	0.9772329246935202	0.9543413309189678	0.8546168958742633	0.925531914893617	False
26/05/2021 01:25:13	28000	3.346232663914561	20.465489872932434	2.2186620235443115	4.203178405761719	5.416396141052246	0.9973799218749999	3.0575404167175293	0.9787511386604753	0.8459214501510574	0.9807355516637478	0.95081145314622	0.8503401360544217	0.9308510638297872	False
26/05/2021 01:27:18	29000	3.310773332118988	21.00022142663598	2.3475773334503174	4.392609596252441	5.269300937652588	0.9973812656250001	3.156777858734131	0.9808735711152892	0.8695652173913043	0.9807355516637478	0.949105930285197	0.8551587301587301	0.9170212765957447	False
26/05/2021 01:29:23	30000	3.164884783618152	21.118375798135997	2.3481531143188477	4.417723655700684	4.833481311798096	0.9986861015625	3.1887855529785156	0.973110743740818	0.8395802098950524	0.9807355516637478	0.946145314622001	0.8536345776031434	0.924468085106383	False
26/05/2021 01:31:28	31000	3.134537137299776	21.434335185587408	2.231154441833496	4.269883155822754	4.784013748168945	0.9987139374999999	3.130462169647217	0.9774568229149095	0.8444108761329305	0.978984238178634	0.9523279764599366	0.8274582560296846	0.948936170212766	False
26/05/2021 01:33:33	32000	3.097335186421871	21.32004958048463	2.3374388217926025	4.513358116149902	4.7991623878479	0.9983256718749999	3.2400293350219727	0.9775948423664509	0.841079460269865	0.9824868651488616	0.9514746491625171	0.8480154888673765	0.9319148936170213	False
26/05/2021 01:35:38	33000	3.1087810639292	21.69989312556386	2.3906121253967285	4.9005842208862305	4.872268199920654	0.9984632343750001	3.4363842010498047	0.9821648197619318	0.8506787330316742	0.9877408056042032	0.9517587143503847	0.8339587242026266	0.9457446808510638	True
26/05/2021 01:37:45	34000	3.4895707902759314	20.87748164215684	2.2828257083892822	4.161252021789551	6.649483680725098	0.9941811406250001	3.0353150367736816	0.9683598075088716	0.834597875569044	0.9632224168126094	0.9432412856496153	0.8411306042884991	0.9180851063829787	False
26/05/2021 01:39:50	35000	3.225683836773038	19.987464008927347	2.342686176300049	4.503818988800049	5.047196865081787	0.998262125	3.2652034759521484	0.9775365674869111	0.8534351145038168	0.978984238178634	0.9506937528293344	0.8447619047619047	0.9436170212765957	False
26/05/2021 01:41:55	36000	3.059569843530655	21.48465692231059	2.3360939025878906	4.442153453826904	4.620569705963135	0.998844953125	3.1465959548950195	0.9743498517057672	0.8325859491778774	0.9754816112084063	0.9493520823902217	0.8696969696969697	0.9159574468085107	False
26/05/2021 01:44:00	37000	3.077973319634795	21.60915988832712	2.3973138332366943	4.522429466247559	4.695138454437256	0.9988080312500001	3.241598606109619	0.9774598900138326	0.8624420401854714	0.9772329246935202	0.9496842462652785	0.8466076696165191	0.9159574468085107	False
26/05/2021 01:46:05	38000	3.044706219226122	21.16198212775588	2.3640758991241455	4.554312229156494	4.619109153747559	0.9989340781250001	3.2685060501098633	0.9763281305111934	0.8489425981873112	0.9842381786339754	0.9465436849253055	0.8388941849380362	0.9361702127659575	False
26/05/2021 01:48:11	39000	3.050072734028101	21.861931860536338	2.4167559146881104	4.59640645980835	4.699974060058594	0.9991235937499999	3.2389817237854004	0.9805821967175907	0.8534351145038168	0.978984238178634	0.9464124038026256	0.8578578578578578	0.9117021276595745	False
26/05/2021 01:50:16	40000	3.072390213981271	22.13348786428571	2.3983986377716064	4.48331880569458	4.758810043334961	0.9984384218750001	3.2213191986083984	0.9782634699316957	0.8577981651376146	0.9824868651488616	0.9477320054323224	0.8608608608608609	0.9148936170212766	False
26/05/2021 01:52:21	41000	2.968223427645862	22.320790423959494	2.3899195194244385	4.660958290100098	4.518380641937256	0.998869140625	3.2994136810302734	0.9802509500338915	0.849772382397572	0.9807355516637478	0.946940923494794	0.8525390625	0.9287234042553192	False
26/05/2021 01:54:26	42000	2.9585162350535392	22.72894543209672	2.490976572036743	4.825676918029785	4.53749418258667	0.9989544843750001	3.391745090484619	0.9755889596707162	0.8564814814814815	0.9719789842381786	0.944791760977818	0.8632734530938124	0.9202127659574468	False
26/05/2021 01:56:31	43000	2.910148455068469	22.55200522083044	2.3592066764831543	4.503857612609863	4.418105602264404	0.99898959375	3.233978748321533	0.9750920896451674	0.8528072837632777	0.9842381786339754	0.9528078315980081	0.8601398601398601	0.9159574468085107	False
26/05/2021 01:58:36	44000	2.8797728335484862	22.495212288320065	2.4362189769744873	4.851161003112793	4.465433120727539	0.998960984375	3.4286909103393555	0.9707276078775369	0.8257016248153619	0.978984238178634	0.9513875056586691	0.8479307025986526	0.9372340425531915	False
26/05/2021 02:00:40	45000	2.8657580591887237	22.713686515510084	2.3480749130249023	4.516119480133057	4.438632011413574	0.9988667187500001	3.2322096824645996	0.976104232289804	0.8437978560490046	0.9649737302977233	0.9473121321865098	0.8628230616302187	0.9234042553191489	False
26/05/2021 02:02:45	46000	2.919703190892935	22.872448247224092	2.32938289642334	4.6085309982299805	4.666426658630371	0.998755125	3.283562660217285	0.9761962452574984	0.8444108761329305	0.978984238178634	0.9512222725215028	0.8499025341130604	0.9276595744680851	False
26/05/2021 02:04:50	47000	3.1325839415192602	22.218990745410323	2.4080731868743896	4.417765140533447	5.417694568634033	0.997178578125	3.2243964672088623	0.9757821869028742	0.8567026194144838	0.9737302977232924	0.9425045269352648	0.851593625498008	0.9095744680851063	False
26/05/2021 02:06:54	48000	2.9031755659431218	22.02577390861511	2.3371033668518066	4.549859046936035	4.638007164001465	0.9986315156249999	3.2104954719543457	0.9695222380007422	0.8214285714285714	0.9667250437828371	0.955116568583069	0.8673267326732673	0.9319148936170213	False
26/05/2021 02:08:59	49000	2.8291225602701306	22.78927295717597	2.3744454383850098	4.568191051483154	4.308525562286377	0.99930840625	3.2578630447387695	0.9707674801635376	0.8393393393393394	0.978984238178634	0.946272068809416	0.8537549407114624	0.9191489361702128	False
26/05/2021 02:11:04	50000	2.79275220990181	23.111121443659066	2.327686071395874	4.597476005554199	4.2619757652282715	0.99927909375	3.2466914653778076	0.9720863327004886	0.8257016248153619	0.978984238178634	0.9448438207333635	0.8383349467570184	0.9212765957446809	False
26/05/2021 02:13:08	51000	2.7899683418795465	23.543987717583775	2.3602757453918457	4.62846040725708	4.3162665367126465	0.99897884375	3.233295202255249	0.9788400845292463	0.8562691131498471	0.9807355516637478	0.9472023540063376	0.8538538538538538	0.9074468085106383	False
26/05/2021 02:15:13	52000	2.728343837849796	22.800051362514495	2.4049980640411377	4.629242897033691	4.214097499847412	0.9991733906249999	3.293482780456543	0.9680377621219417	0.8251121076233184	0.9667250437828371	0.9489803078315979	0.8550148957298908	0.9159574468085107	False
26/05/2021 02:17:18	53000	2.716178852893412	23.146637585490943	2.4066483974456787	4.733238220214844	4.192515850067139	0.999190671875	3.3252921104431152	0.9713502289589346	0.8361153262518968	0.9649737302977233	0.943053417836125	0.843503937007874	0.9117021276595745	False
26/05/2021 02:19:23	54000	2.7401304079219697	23.52288879416883	2.337533712387085	4.554419040679932	4.323246002197266	0.9988503281250001	3.194187641143799	0.9764416131713496	0.8567073170731707	0.9842381786339754	0.9458555907650521	0.8513779527559056	0.9202127659574468	False
26/05/2021 02:21:28	55000	2.7215915071219206	23.98344278892875	2.2973883152008057	4.524578094482422	4.232516288757324	0.9992527343750001	3.1750712394714355	0.9694823657147413	0.8253731343283582	0.968476357267951	0.9530285196921684	0.8677196446199408	0.9351063829787234	False
26/05/2021 02:23:33	56000	2.7177992776110766	23.570841237649322	2.498286247253418	5.112159729003906	4.29150390625	0.9988139374999999	3.5610952377319336	0.976257587235961	0.8386123680241327	0.9737302977232924	0.9528598913535536	0.8402309913378249	0.9287234042553192	False
26/05/2021 02:25:38	57000	2.7037918339073657	23.751559232741595	2.3963539600372314	4.749558448791504	4.209681987762451	0.9991986875000001	3.3344998359680176	0.9711232636386222	0.8542944785276073	0.9754816112084063	0.9516251697600724	0.8617234468937875	0.9148936170212766	False
26/05/2021 02:27:42	58000	2.6985937708988788	23.967051194667818	2.368006706237793	4.921623706817627	4.239596843719482	0.999023015625	3.3757052421569824	0.974000202428529	0.8301043219076006	0.9754816112084063	0.9500158442734269	0.8527968596663396	0.924468085106383	False
26/05/2021 02:29:47	59000	2.6703282708227634	23.87833245792985	2.487636089324951	4.817412853240967	4.144995212554932	0.99935778125	3.4059438705444336	0.978659125692781	0.8699059561128527	0.9719789842381786	0.9448585332729742	0.8508508508508509	0.9042553191489362	False
26/05/2021 02:31:51	60000	2.671168584570289	24.514038156211377	2.4089479446411133	4.724302291870117	4.21712064743042	0.9989937031249999	3.3355374336242676	0.9759324747501081	0.8538812785388128	0.9824868651488616	0.9436600271616116	0.8514851485148515	0.9148936170212766	False
26/05/2021 02:33:56	61000	2.810124220922589	23.437080074995755	2.3469929695129395	4.682156085968018	4.754769802093506	0.998329875	3.291105270385742	0.9762913253241158	0.8395802098950524	0.9807355516637478	0.9514124038026259	0.851063829787234	0.9361702127659575	False
26/05/2021 02:36:01	62000	2.998423718653619	22.18627079564333	2.2644474506378174	4.461856842041016	6.041872024536133	0.9959147187499999	3.1737632751464844	0.9732947696762065	0.834575260804769	0.9807355516637478	0.9514803078315979	0.85	0.9223404255319149	False
26/05/2021 02:38:06	63000	2.630811471655965	23.161089528530837	2.3637208938598633	4.734525203704834	4.0792951583862305	0.9993252968749999	3.2832694053649902	0.9777297947190692	0.8482549317147192	0.978984238178634	0.9486385242191037	0.846078431372549	0.9180851063829787	False
26/05/2021 02:40:10	64000	2.580753598719835	23.955819718062877	2.41269850730896	4.794933319091797	3.9683427810668945	0.999226875	3.438479423522949	0.9739081894608347	0.8448795180722891	0.9824868651488616	0.946277727478497	0.8428158148505304	0.9297872340425531	False
26/05/2021 02:42:15	65000	2.5787033576220275	23.89425576676428	2.3686959743499756	4.757358551025391	3.966670513153076	0.9992849843750001	3.3386762142181396	0.9716784085437107	0.8196480938416423	0.978984238178634	0.947307605251245	0.8402777777777778	0.9010638297872341	False
26/05/2021 02:44:20	66000	2.570376814030111	24.776773181676866	2.4122912883758545	4.783477306365967	3.973728895187378	0.999396890625	3.3689541816711426	0.9791590628172531	0.8532110091743119	0.9772329246935202	0.943890900860118	0.8380213385063046	0.9191489361702128	False
26/05/2021 02:46:25	67000	2.550665110811591	24.672512106195093	2.3972043991088867	4.583985805511475	3.949216604232788	0.9993504999999999	3.2643465995788574	0.9707122723829211	0.8378787878787879	0.968476357267951	0.9420903123585332	0.8454011741682974	0.9191489361702128	False
26/05/2021 02:48:30	68000	2.545155427925289	24.33191226144135	2.392237424850464	4.730827331542969	3.9798831939697266	0.9993571875	3.329953670501709	0.9719421790511009	0.843558282208589	0.9632224168126094	0.9469262109551833	0.8549019607843137	0.9276595744680851	False
26/05/2021 02:50:34	69000	2.5068684468790887	24.849963390737773	2.3911843299865723	4.796172618865967	3.9331626892089844	0.999118125	3.3544399738311768	0.9811741468097571	0.851063829787234	0.9807355516637478	0.9445043005885015	0.8497512437810946	0.9085106382978724	False
26/05/2021 02:52:39	70000	2.4901277488842606	25.467571596056224	2.389312505722046	4.74500036239624	3.891737461090088	0.9994359687500001	3.3609752655029297	0.9717642873135588	0.8358433734939759	0.9719789842381786	0.9436532367587143	0.8422590068159689	0.9202127659574468	False
26/05/2021 02:54:44	71000	2.5690056526213882	25.26768786883354	2.3686912059783936	4.876716613769531	4.089710235595703	0.999279265625	3.432661533355713	0.9766379075024307	0.8340807174887892	0.9772329246935202	0.9502546401086465	0.8382213812677389	0.9425531914893617	False
26/05/2021 02:56:48	72000	2.488258167758584	25.50346006476879	2.4644060134887695	4.886387825012207	3.8637773990631104	0.999488359375	3.473374843597412	0.9771102407365945	0.8482549317147192	0.978984238178634	0.9413377093707559	0.8326771653543307	0.9	False
26/05/2021 02:58:53	73000	2.5090342532545327	25.520331827834248	2.434736967086792	4.900497913360596	3.9319536685943604	0.999314703125	3.4379658699035645	0.9796958051288028	0.8617511520737328	0.9824868651488616	0.9511373924852873	0.8466019417475729	0.9276595744680851	False
26/05/2021 03:00:58	74000	2.4777160423919558	25.335513940393923	2.447922468185425	4.859307289123535	3.8119468688964844	0.999607125	3.386644124984741	0.9710680558580056	0.832579185520362	0.9667250437828371	0.9452218198279765	0.8544921875	0.9308510638297872	False
26/05/2021 03:03:03	75000	2.4817373035401107	25.636940401256084	2.384934425354004	4.775395393371582	3.8842453956604004	0.999372484375	3.357287645339966	0.9775457687836805	0.8493150684931506	0.9772329246935202	0.9477501131733816	0.8514173998044966	0.926595744680851	False
26/05/2021 03:05:08	76000	2.737315234415233	25.310466263324024	2.3121750354766846	4.385415554046631	6.581020355224609	0.9979549375	3.0918047428131104	0.975365061449327	0.8578125	0.9614711033274956	0.9394420552286102	0.8577194752774975	0.9042553191489362	False
26/05/2021 03:07:12	77000	2.6800332365110515	23.636247595489024	2.3628807067871094	4.5965118408203125	4.557409286499023	0.9985214062500001	3.222106456756592	0.9807079477734395	0.8423423423423423	0.9824868651488616	0.9403655500226347	0.8462291870714985	0.9191489361702128	False
26/05/2021 03:09:17	78000	2.476775067076087	24.697925909653307	2.394239902496338	4.767568588256836	3.7899725437164307	0.999464953125	3.3170762062072754	0.9778187405878401	0.8390977443609022	0.9772329246935202	0.9368956541421458	0.8414396887159533	0.9202127659574468	False
26/05/2021 03:11:22	79000	2.4419997040852905	25.36823329421878	2.431840181350708	4.9962639808654785	3.7322921752929688	0.999660375	3.434202194213867	0.9764416131713497	0.8470948012232415	0.9702276707530648	0.9508069262109551	0.8640873015873016	0.926595744680851	False
26/05/2021 03:13:27	80000	2.3419924776926635	25.66603251808882	2.404982089996338	4.8004302978515625	3.543557643890381	0.99964934375	3.3361988067626953	0.9736474860523677	0.847926267281106	0.9667250437828371	0.9495971027614304	0.8661971830985915	0.9159574468085107	False
26/05/2021 03:15:32	81000	2.410309750787914	26.14357760205865	2.4293015003204346	4.923061847686768	3.6982762813568115	0.9995903750000001	3.42759370803833	0.9779536929404584	0.8458015267175573	0.9702276707530648	0.9452693526482572	0.8400770712909441	0.9276595744680851	False
26/05/2021 03:17:37	82000	2.3557842634692787	26.072985411703588	2.432655096054077	4.67887544631958	3.5794341564178467	0.999679109375	3.3448123931884766	0.9768710070205894	0.8631415241057543	0.9719789842381786	0.9382197827071074	0.8502463054187193	0.9180851063829787	False
26/05/2021 03:19:42	83000	2.4519380954355	25.823567206442355	2.4127228260040283	4.854736328125	3.877667188644409	0.9993883593749999	3.315610408782959	0.9692185952073512	0.8444108761329305	0.978984238178634	0.9452184246265278	0.8469087340529932	0.9180851063829787	False
26/05/2021 03:21:47	84000	2.3355082907006146	25.549066602230074	2.414961099624634	4.775619983673096	3.6367435455322266	0.9996160468749999	3.308825969696045	0.9738100422952941	0.8499234303215927	0.9719789842381786	0.9426731552738796	0.8567134268537074	0.9095744680851063	False
26/05/2021 03:23:52	85000	2.347947085335851	26.099625465095045	2.46297550201416	4.814024925231934	3.6676928997039795	0.9995698125	3.349947690963745	0.9722734257348004	0.8425076452599388	0.9649737302977233	0.9328225441376188	0.8511066398390342	0.9	False
26/05/2021 03:25:57	86000	2.875765449874103	24.500757806420328	2.511361837387085	4.8012471199035645	6.326298236846924	0.99585384375	3.4837284088134766	0.9664428706819082	0.8170914542728636	0.9544658493870403	0.9163829787234044	0.8068833652007649	0.8978723404255319	False
26/05/2021 03:28:01	87000	2.937203806698322	22.685389706104992	2.361083984375	4.727747917175293	6.5302042961120605	0.9964733750000001	3.3116116523742676	0.9727426918700409	0.8434650455927052	0.9719789842381786	0.9467836124943413	0.8438409311348206	0.925531914893617	False
26/05/2021 03:30:06	88000	2.4804407847076653	24.073676817059518	2.342778205871582	4.737734794616699	3.8680620193481445	0.99932475	3.283057928085327	0.9793676255440267	0.8406676783004552	0.9702276707530648	0.9506620642824808	0.8452611218568665	0.9297872340425531	False
26/05/2021 03:32:11	89000	2.378526027031243	25.696329751759766	2.4096057415008545	4.890253067016602	3.6349828243255615	0.9995057656249999	3.3205151557922363	0.9742946439251505	0.8529862174578867	0.9754816112084063	0.9453802625622454	0.8430799220272904	0.9202127659574468	False
26/05/2021 03:34:16	90000	2.4168198749646543	26.051694532752038	2.470979690551758	4.983975887298584	3.6684188842773438	0.999677484375	3.419771194458008	0.9649859986934158	0.8195266272189349	0.9702276707530648	0.9446582163875057	0.8592666005946482	0.9223404255319149	False
26/05/2021 03:36:21	91000	3.0385557502582667	24.12516616399586	2.305788278579712	4.3805131912231445	10.688627243041992	0.9935402812499999	3.1166958808898926	0.9756564358470254	0.8459214501510574	0.9807355516637478	0.9395473064735175	0.85	0.9223404255319149	False
26/05/2021 03:38:26	92000	2.674589596435428	22.86365807133913	2.38604998588562	4.70325231552124	4.364319801330566	0.998917515625	3.291210651397705	0.9734419904245171	0.8381240544629349	0.9702276707530648	0.9470314622000906	0.8466730954676953	0.9340425531914893	False
26/05/2021 03:40:31	93000	2.5062581936493515	24.728705103844405	2.413787364959717	4.786367416381836	3.800006628036499	0.999765375	3.359114170074463	0.9767636585582795	0.8670788253477589	0.9824868651488616	0.9481530104119511	0.849609375	0.925531914893617	False
26/05/2021 03:42:35	94000	2.3620356459766625	25.18251952159405	2.4163403511047363	4.861356258392334	3.475654363632202	0.99976771875	3.32843017578125	0.977315736364445	0.850381679389313	0.9754816112084063	0.9475294250792214	0.8605577689243028	0.9191489361702128	False
26/05/2021 03:44:40	95000	2.3391784333139656	25.728739602327348	2.4645612239837646	4.948266506195068	3.496931552886963	0.999749703125	3.4575207233428955	0.9767575243604332	0.8482549317147192	0.978984238178634	0.9432322317790854	0.84765625	0.9234042553191489	False
26/05/2021 03:46:45	96000	2.318900908522308	26.681975804746152	2.487772226333618	4.916983127593994	3.5493783950805664	0.999688125	3.404191017150879	0.9757852540017973	0.8426626323751891	0.9754816112084063	0.9429549569941149	0.8537313432835821	0.9127659574468086	False
26/05/2021 03:48:50	97000	2.3319281411990525	26.3778313883245	2.4590530395507812	4.951303958892822	3.563281774520874	0.999512203125	3.4230360984802246	0.9751288948322451	0.8386123680241327	0.9737302977232924	0.9396152105024899	0.8420533070088845	0.9074468085106383	False
26/05/2021 03:50:55	98000	2.328655870206654	26.54341587281227	2.4124903678894043	4.899065017700195	3.573335886001587	0.99951784375	3.4316234588623047	0.972442116175573	0.8313432835820895	0.9754816112084063	0.9453270710728836	0.8357211079274116	0.9308510638297872	False
26/05/2021 03:53:00	99000	2.5290848276093603	25.468689172148704	2.4124364852905273	4.768154621124268	4.3984599113464355	0.99889690625	3.261291980743408	0.9720771314037192	0.8424242424242424	0.9737302977232924	0.9383408782254414	0.8551165146909828	0.8978723404255319	False
26/05/2021 03:55:05	100000	2.58600297973305	24.519366200238466	2.4184200763702393	4.793361663818359	4.794768333435059	0.9982223281249998	3.361905574798584	0.9752883839762484	0.8482549317147192	0.978984238178634	0.9374660479855138	0.8441176470588235	0.9159574468085107	False
26/05/2021 03:57:10	101000	2.4013878971636293	25.987031057834624	2.4412899017333984	4.856645584106445	3.87880277633667	0.9992119999999999	3.397242546081543	0.9823120405102426	0.8604294478527608	0.9824868651488616	0.943168854685378	0.8375486381322957	0.9159574468085107	True
26/05/2021 03:59:17	102000	2.2427033074423672	26.923963732063772	2.4668805599212646	4.890471935272217	3.3619329929351807	0.9997128125	3.4139699935913086	0.9772329246935202	0.8536585365853658	0.9807355516637478	0.94318017202354	0.8460019743336624	0.9117021276595745	False
26/05/2021 04:01:22	103000	2.5073777518309655	26.00274844428897	2.4183666706085205	4.589304447174072	4.4539408683776855	0.998640140625	3.2533717155456543	0.9668385264429934	0.8361153262518968	0.9649737302977233	0.9371831145314623	0.841	0.8946808510638298	False
26/05/2021 04:03:27	104000	2.622129466228187	25.00260736039281	2.4390170574188232	4.911457061767578	4.804220676422119	0.99891534375	3.4400932788848877	0.9745338776411556	0.8295964125560538	0.9719789842381786	0.9480013580805796	0.8381782945736435	0.9202127659574468	False
26/05/2021 04:05:31	105000	2.323963530652225	25.791393117278815	2.478085517883301	4.999783515930176	3.597869634628296	0.9994711718749999	3.443057060241699	0.9762207820488835	0.8490853658536586	0.9754816112084063	0.9475554549569942	0.8618951612903226	0.9095744680851063	False
26/05/2021 04:07:36	106000	2.264078553676605	26.64138350942731	2.4416065216064453	4.8508148193359375	3.4714393615722656	0.999724453125	3.3950681686401367	0.9789351645958637	0.8558282208588958	0.9772329246935202	0.9383103214124037	0.8398821218074656	0.9095744680851063	False
26/05/2021 04:09:41	107000	2.2452839289456605	26.91226387667656	2.4546303749084473	4.95595121383667	3.50348162651062	0.999642828125	3.418245315551758	0.9680899028036352	0.8384146341463414	0.9632224168126094	0.9449411498415571	0.8507317073170731	0.9276595744680851	False
26/05/2021 04:11:46	108000	2.252217539280653	27.06663717070222	2.499480962753296	5.262417793273926	3.528202533721924	0.9994704687499999	3.551908254623413	0.9715434561910925	0.8291233283803864	0.9772329246935202	0.944830239927569	0.8466796875	0.9223404255319149	False
26/05/2021 04:13:51	109000	2.2079566321745516	27.228548206344247	2.4548723697662354	4.948363780975342	3.425657272338867	0.999656546875	3.4122211933135986	0.9692646016911983	0.8187134502923976	0.9807355516637478	0.9467994567677682	0.8604651162790697	0.9053191489361702	False
26/05/2021 04:15:56	110000	2.225824847616255	27.51051494887471	2.50390362739563	5.263609886169434	3.466555595397949	0.999552984375	3.6069931983947754	0.973221159302051	0.8338278931750742	0.9842381786339754	0.9454210049796288	0.838150289017341	0.925531914893617	False
26/05/2021 04:18:01	111000	2.2335761403143404	27.627008835852145	2.496948719024658	5.124750137329102	3.505358934402466	0.9995070312500001	3.459296703338623	0.9719452461500241	0.8499234303215927	0.9719789842381786	0.942900633770937	0.8489425981873112	0.8968085106382979	False
26/05/2021 04:20:06	112000	2.223561053272337	27.980247592151166	2.458562135696411	4.96600866317749	3.4757800102233887	0.9997165000000001	3.398397922515869	0.9710527203633899	0.8081395348837209	0.9737302977232924	0.9390165233137167	0.8390918065153011	0.9042553191489362	False
26/05/2021 04:22:11	113000	2.2876825645044447	27.34034575521946	2.437671422958374	4.859179496765137	3.849595785140991	0.9992997187499999	3.3594508171081543	0.9761379703779586	0.8293768545994066	0.978984238178634	0.9389984155726574	0.8424182358771061	0.9042553191489362	False
26/05/2021 04:24:16	114000	2.307524074852467	27.56415334740281	2.404642343521118	4.988356590270996	3.798107385635376	0.9992719218749999	3.427823066711426	0.9717213479286347	0.8353474320241692	0.968476357267951	0.9419533725667721	0.845708775313404	0.9329787234042554	False
26/05/2021 04:26:21	115000	2.26024412092939	27.70824192598462	2.446998119354248	4.9571051597595215	3.701732873916626	0.999455046875	3.4351446628570557	0.9774782926073715	0.8406015037593985	0.978984238178634	0.9393933906745133	0.8384912959381045	0.9223404255319149	False
26/05/2021 04:28:26	116000	2.213175164707005	27.842329719275234	2.401374578475952	4.926326751708984	3.541306495666504	0.9994556875	3.4402947425842285	0.9811649455129877	0.8617511520737328	0.9824868651488616	0.9499977365323677	0.8538011695906432	0.9319148936170213	False
26/05/2021 04:30:31	117000	2.100776538409293	27.652390411049126	2.4964723587036133	4.931497097015381	3.2630491256713867	0.999470234375	3.417811870574951	0.9720341920187952	0.8429003021148036	0.9772329246935202	0.9372600724309642	0.844776119402985	0.9031914893617021	False
26/05/2021 04:32:36	118000	2.1197093149125577	28.328442525029182	2.4971089363098145	5.059618949890137	3.255573272705078	0.999802109375	3.4389114379882812	0.9678046626037831	0.8325859491778774	0.9754816112084063	0.9455568130375734	0.8558558558558559	0.9095744680851063	False
26/05/2021 04:34:41	119000	2.0954647545814513	29.045423331946136	2.4387314319610596	5.058722496032715	3.218496084213257	0.999825703125	3.4784111976623535	0.9728653758269666	0.8380809595202399	0.978984238178634	0.9392360796740606	0.8365384615384616	0.925531914893617	False
26/05/2021 04:36:46	120000	2.0955103006213904	28.746818602129817	2.498861789703369	5.14479398727417	3.2376458644866943	0.999454734375	3.5594642162323	0.9743590530025364	0.8281481481481482	0.978984238178634	0.9387052965142599	0.84375	0.9191489361702128	False
26/05/2021 04:38:51	121000	2.132203784018755	28.93817785331607	2.5608787536621094	5.2734551429748535	3.3816099166870117	0.999794421875	3.6384851932525635	0.9771102407365946	0.8564885496183207	0.9824868651488616	0.9409212313263922	0.8398821218074656	0.9095744680851063	False
26/05/2021 04:40:56	122000	2.1320890386775138	28.979875167667867	2.504432439804077	5.270932674407959	3.3927643299102783	0.9993756093749999	3.6434292793273926	0.97649068675412	0.8398203592814372	0.9824868651488616	0.9412856496152106	0.8241444866920152	0.9223404255319149	False
26/05/2021 04:43:01	123000	2.8578088160082697	28.049335113987325	2.3103883266448975	4.375770568847656	9.743066787719727	0.9951950156249999	3.106055498123169	0.9634340466383062	0.815592203898051	0.9527145359019265	0.9287516976007243	0.8334985133795837	0.8946808510638298	False
26/05/2021 04:45:06	124000	2.598773734368384	23.361244581758974	2.347513198852539	4.779264450073242	4.6161699295043945	0.9987687656249998	3.312849521636963	0.9731935554117427	0.8401206636500754	0.9754816112084063	0.9423822996831145	0.8455522971652004	0.9202127659574468	False
26/05/2021 04:47:11	125000	2.320798323825002	25.143344499707222	2.3805642127990723	4.992650032043457	3.8009285926818848	0.9994045625	3.4352807998657227	0.977012093571054	0.8470948012232415	0.9702276707530648	0.9554379809868718	0.8554801163918526	0.9382978723404255	False
26/05/2021 04:49:16	126000	2.1896740270107986	26.92436307990551	2.447361946105957	5.201788902282715	3.3271689414978027	0.99970065625	3.491715431213379	0.9709423048021568	0.8403614457831325	0.9772329246935202	0.9485095065640562	0.8622398414271556	0.925531914893617	False
26/05/2021 04:51:21	127000	2.1550885495096446	28.01991612419486	2.4629628658294678	4.959361553192139	3.3050425052642822	0.99956346875	3.4249448776245117	0.9740462089123761	0.8432267884322678	0.9702276707530648	0.9414225894069715	0.8409311348205626	0.9223404255319149	False
26/05/2021 04:53:26	128000	2.0971358909755944	27.60823577439785	2.5461649894714355	5.126902103424072	3.2328388690948486	0.999592796875	3.4678897857666016	0.9703104824239897	0.8328313253012049	0.968476357267951	0.9385932548664553	0.8526740665993946	0.898936170212766	False
26/05/2021 04:55:31	129000	2.119920248873532	28.684552803218363	2.5454578399658203	5.286559581756592	3.2562031745910645	0.999868953125	3.579806327819824	0.96182688680258	0.8211624441132638	0.9649737302977233	0.9477433227704845	0.856858846918489	0.9170212765957447	False
26/05/2021 04:57:36	130000	2.126990152351558	28.592990248560906	2.508462429046631	5.064181804656982	3.3509554862976074	0.999582453125	3.4589004516601562	0.9637714275198518	0.8253012048192772	0.9597197898423818	0.9342496604798551	0.8504486540378864	0.9074468085106383	False
26/05/2021 04:59:41	131000	2.599148254267871	25.774409820526838	2.3660497665405273	4.691877841949463	6.073487281799316	0.996995171875	3.277149200439453	0.9667342450796066	0.8330827067669173	0.9702276707530648	0.9448268447261203	0.8710659898477158	0.9127659574468086	False
26/05/2021 05:01:45	132000	2.2100495259314776	25.58716599147022	2.4196882247924805	4.964266300201416	3.640883445739746	0.99924734375	3.413468360900879	0.9741842283639175	0.8452200303490136	0.9754816112084063	0.9426720235400633	0.8494623655913979	0.924468085106383	False
26/05/2021 05:03:50	133000	2.069415689222515	28.143927789002657	2.51552677154541	5.272433757781982	3.1290972232818604	0.999877203125	3.6187543869018555	0.9752853168773252	0.8569230769230769	0.9754816112084063	0.9441081937528293	0.846079380445305	0.9297872340425531	False
26/05/2021 05:05:55	134000	2.040064400881529	29.06924799975753	2.485274314880371	5.172984600067139	3.086301565170288	0.9998609687500001	3.50771427154541	0.9702675430390656	0.8150887573964497	0.9649737302977233	0.9462256677229517	0.8459302325581395	0.9287234042553192	False
26/05/2021 05:08:00	135000	2.0138420951515434	29.074939387530087	2.4584999084472656	5.075283527374268	3.0741677284240723	0.999736859375	3.4575014114379883	0.9685346321474908	0.8411497730711044	0.9737302977232924	0.9399932095971029	0.8377065111758989	0.9170212765957447	False
26/05/2021 05:10:05	136000	2.0465665599294005	29.183665742918848	2.5532593727111816	5.197566986083984	3.2165884971618652	0.99972771875	3.5953807830810547	0.9708441576366162	0.8291233283803864	0.9772329246935202	0.9390244454504301	0.8374142997061704	0.9095744680851063	False
26/05/2021 05:12:10	137000	2.0508350304365157	29.228444662645458	2.482337474822998	5.254299163818359	3.260962963104248	0.9996400468750001	3.5750160217285156	0.9685530347410295	0.8181818181818182	0.9772329246935202	0.943064735174287	0.8494623655913979	0.924468085106383	False
26/05/2021 05:14:15	138000	2.071237811759114	29.557145357698204	2.512437105178833	5.268754959106445	3.290519952774048	0.99950621875	3.59047794342041	0.9713502289589346	0.8303303303303303	0.968476357267951	0.9424445450430057	0.8452497551420176	0.9180851063829787	False
26/05/2021 05:16:20	139000	2.3329573646076023	30.185499902993442	2.6024582386016846	5.026523590087891	6.095973968505859	0.998528640625	3.5449647903442383	0.957600424486491	0.8105726872246696	0.9667250437828371	0.9368560434585784	0.8354186717998076	0.9234042553191489	False
26/05/2021 05:18:24	140000	2.506328399077058	26.635661002516745	2.394383192062378	4.972482681274414	5.2369794845581055	0.9983461875	3.4355053901672363	0.9729911268828153	0.8355754857997011	0.978984238178634	0.9401097781801719	0.8360655737704918	0.9223404255319149	False
26/05/2021 05:20:30	141000	2.172718176163733	27.871915629506113	2.4618358612060547	5.194369316101074	3.619079828262329	0.9995683125	3.523911476135254	0.9695989154738208	0.8310911808669657	0.9737302977232924	0.9436407876867361	0.8310546875	0.9053191489361702	False
26/05/2021 05:22:35	142000	2.0233472252376377	29.878068948552013	2.499338150024414	5.311678409576416	3.190229892730713	0.9993875937500001	3.545297861099243	0.9692001926138125	0.8378378378378378	0.9772329246935202	0.9506032141240381	0.8575697211155379	0.9159574468085107	False
26/05/2021 05:24:40	143000	1.9496063436940312	29.616920741051434	2.4873108863830566	5.276095867156982	2.9930479526519775	0.9998482656250001	3.6207501888275146	0.9698534846844415	0.8456883509833586	0.978984238178634	0.9407582616568582	0.8298479087452472	0.9287234042553192	False
26/05/2021 05:26:45	144000	2.0083162901252507	29.575939757168292	2.525451898574829	5.289308071136475	3.106640577316284	0.999838015625	3.5930891036987305	0.970773614361384	0.8084179970972424	0.9754816112084063	0.9400679040289724	0.84	0.9159574468085107	False
26/05/2021 05:28:49	145000	2.3541788897663354	29.3273612601161	2.3406574726104736	4.685886383056641	4.982180118560791	0.99813190625	3.3130850791931152	0.9604129541990117	0.8091042584434655	0.9649737302977233	0.9361487098234496	0.8213610586011342	0.924468085106383	False
26/05/2021 05:30:55	146000	2.305078938703984	27.679115341842174	2.459679365158081	5.094483375549316	4.006075859069824	0.9990490000000001	3.4544453620910645	0.9722028824595679	0.828101644245142	0.9702276707530648	0.9365855590765053	0.8441814595660749	0.9106382978723404	False
26/05/2021 05:32:59	147000	2.1283147460818292	28.792273415207863	2.4302785396575928	4.994189262390137	3.5174434185028076	0.99955715625	3.482921600341797	0.9798767639652681	0.8514548238897397	0.9737302977232924	0.9396774558623814	0.8278145695364238	0.9308510638297872	False
26/05/2021 05:35:04	148000	2.098870065636933	28.494537891417743	2.481351852416992	5.151899337768555	3.517721652984619	0.999250390625	3.502821922302246	0.9688505433365743	0.8350824587706147	0.9754816112084063	0.9421525577184247	0.8427734375	0.9180851063829787	False
26/05/2021 05:37:09	149000	1.984167102791369	29.277748207226395	2.5096426010131836	5.174673557281494	3.0815541744232178	0.9996175468749999	3.5575873851776123	0.9719483132489473	0.8395802098950524	0.9807355516637478	0.9437867813490266	0.8481262327416174	0.9148936170212766	False
26/05/2021 05:39:14	150000	1.9289253416396677	29.67058698672056	2.4894182682037354	5.180555820465088	2.9523048400878906	0.9997448437500001	3.568181037902832	0.9784352274713917	0.8380809595202399	0.978984238178634	0.940636034404708	0.8365758754863813	0.9148936170212766	False
26/05/2021 05:41:19	151000	2.0070307747460903	30.170907833844424	2.4839377403259277	5.001185417175293	3.124640703201294	0.999723375	3.4692139625549316	0.9666851714968363	0.8226527570789866	0.9667250437828371	0.9395903123585332	0.8472086190009794	0.9202127659574468	False
26/05/2021 05:43:24	152000	2.010393894959241	29.41671867276728	2.600625514984131	5.3714375495910645	3.2496659755706787	0.999389109375	3.6606431007385254	0.9704208979852228	0.8300751879699249	0.9667250437828371	0.9393549117247623	0.8420019627085378	0.9127659574468086	False
26/05/2021 05:45:29	153000	1.9923835819587112	30.309804768174885	2.5390267372131348	5.2712554931640625	3.1711840629577637	0.9996495781250001	3.624075412750244	0.9712643501890867	0.8258928571428571	0.9719789842381786	0.9364938886373925	0.8475073313782991	0.9223404255319149	False
26/05/2021 05:47:34	154000	1.9638431603647768	29.883741691380738	2.5241403579711914	5.281093120574951	3.077106475830078	0.999726359375	3.5721945762634277	0.9672525847976174	0.8193832599118943	0.9772329246935202	0.9418888637392487	0.8527667984189723	0.9180851063829787	False
26/05/2021 05:49:39	155000	1.9230617492496966	30.107394907981156	2.531360387802124	5.301244735717773	2.9904162883758545	0.9997281718750001	3.5943100452423096	0.9692707358890447	0.8226527570789866	0.9667250437828371	0.9420733363512901	0.8486646884272997	0.9127659574468086	False
26/05/2021 05:51:44	156000	1.9579949528165161	30.554461197271944	2.580888032913208	5.374161243438721	3.132589817047119	0.9996894531249999	3.672062873840332	0.9751227606343987	0.8627145085803433	0.968476357267951	0.9414044816659122	0.8458498023715415	0.9106382978723404	False
26/05/2021 05:53:49	157000	1.93546449534595	29.86532475531101	2.5148706436157227	5.115079879760742	3.0686304569244385	0.9996703125	3.5636205673217773	0.968890415622575	0.8393939393939394	0.9702276707530648	0.936233589859665	0.8447937131630648	0.9148936170212766	False
26/05/2021 05:55:54	158000	2.0938115684948864	29.76697003516555	2.5391738414764404	5.229028224945068	3.526416063308716	0.9993448593750001	3.573728322982788	0.9755061479997914	0.8437025796661608	0.9737302977232924	0.9436000452693527	0.8665997993981945	0.9191489361702128	False
26/05/2021 05:57:59	159000	2.1070872299149634	29.27934394738078	2.4242281913757324	5.1309614181518555	3.632575750350952	0.999414390625	3.4816155433654785	0.963513791210308	0.8288690476190477	0.9754816112084063	0.9439791760977818	0.8460038986354775	0.9234042553191489	False
26/05/2021 06:00:04	160000	1.8860406394451856	30.281838544160127	2.504395008087158	5.167263031005859	2.93558669090271	0.9999101875	3.5860276222229004	0.9796252618535706	0.850609756097561	0.9772329246935202	0.9346197374377546	0.8238095238095238	0.9202127659574468	False
26/05/2021 06:02:09	161000	1.877603282339871	30.361022041007878	2.5438573360443115	5.286581039428711	2.937191963195801	0.999727125	3.5678775310516357	0.9725832027260376	0.8404255319148937	0.968476357267951	0.9361317338162064	0.8445336008024072	0.8957446808510638	False
26/05/2021 06:04:14	162000	1.8860808338969945	30.48603199595213	2.526545286178589	5.306084632873535	3.0063681602478027	0.999758859375	3.59932279586792	0.9705926555249186	0.8225563909774436	0.957968476357268	0.9373426889995473	0.8325312800769971	0.9202127659574468	False
26/05/2021 06:06:19	163000	1.9390924832560121	30.151275835961105	2.5208327770233154	5.219575881958008	3.110611915588379	0.9997935156250001	3.6067609786987305	0.9682432577497924	0.8360902255639098	0.9737302977232924	0.9409687641466727	0.8461538461538461	0.924468085106383	False
26/05/2021 06:08:24	164000	2.0028723692670463	30.80080209261179	2.4599454402923584	5.102035045623779	3.3963520526885986	0.9993096718749999	3.5122978687286377	0.9689425563042686	0.8215339233038348	0.9754816112084063	0.9387573562698053	0.8341369334619093	0.9202127659574468	False
26/05/2021 06:10:29	165000	2.015632989563048	29.539061968505383	2.4922523498535156	5.241540431976318	3.4601075649261475	0.999341578125	3.5269546508789062	0.9689057511171908	0.8231797919762258	0.9702276707530648	0.940882752376641	0.8554455445544554	0.9191489361702128	False
26/05/2021 06:12:34	166000	1.9119345361739397	30.341743899971245	2.478949785232544	5.074316501617432	3.0508639812469482	0.99962153125	3.4653069972991943	0.9736137479642131	0.8328313253012049	0.968476357267951	0.9355488909008601	0.8412228796844181	0.9074468085106383	False
26/05/2021 06:14:39	167000	1.8315124012716115	30.695629632383586	2.5995445251464844	5.339171409606934	2.8737096786499023	0.9997620312500001	3.6250319480895996	0.9753819304934042	0.8461538461538461	0.9632224168126094	0.9319477138976913	0.8433497536945813	0.9106382978723404	False
26/05/2021 06:16:44	168000	1.82560956383124	31.24079460415244	2.5608270168304443	5.228705406188965	2.8366899490356445	0.99980690625	3.5249366760253906	0.971620133664171	0.8555900621118012	0.9649737302977233	0.9323370303304663	0.8525576730190572	0.9042553191489362	False
26/05/2021 06:18:49	169000	1.8672034780718385	31.29431692185998	2.6699280738830566	5.402825832366943	2.9630160331726074	0.9997498125000001	3.7926650047302246	0.9700927184004468	0.8418674698795181	0.978984238178634	0.9311124943413309	0.8352713178294574	0.9170212765957447	False
26/05/2021 06:20:55	170000	2.2166474705301225	30.621962879240513	2.514509677886963	5.047149658203125	4.083667755126953	0.9987752656250001	3.4558539390563965	0.966657567606528	0.8207831325301205	0.9544658493870403	0.9331416930737891	0.8451548451548452	0.9	False
26/05/2021 06:23:00	171000	2.0162670742236077	29.880478652253746	2.5675859451293945	5.223338603973389	3.416595697402954	0.999518125	3.5790858268737793	0.9744387975745381	0.8335832083958021	0.9737302977232924	0.9283736985061113	0.8398009950248756	0.8978723404255319	False
26/05/2021 06:25:05	172000	1.8330426212102175	30.925140989005566	2.5425450801849365	5.1668009757995605	2.8601245880126953	0.999911234375	3.573770523071289	0.969905625366135	0.8318318318318318	0.9702276707530648	0.9339769126301496	0.8334956183057449	0.9106382978723404	False
26/05/2021 06:27:10	173000	1.8093690792806447	31.48297982531786	2.580568313598633	5.220818996429443	2.771251916885376	0.9998132656250001	3.6011099815368652	0.9659306651617434	0.8355754857997011	0.978984238178634	0.9285377999094613	0.8261287223823247	0.9148936170212766	False
26/05/2021 06:29:15	174000	1.798411095250398	32.10081527076662	2.5594165325164795	5.348324775695801	2.8392720222473145	0.9997538437500001	3.6421117782592773	0.9745737499271565	0.8560490045941807	0.978984238178634	0.9414803078315981	0.8388349514563107	0.9191489361702128	False
26/05/2021 06:31:19	175000	1.8459794064089656	32.41074089543521	2.543545961380005	5.238749980926514	2.905447244644165	0.9998330000000001	3.553555965423584	0.9688965498204214	0.8371040723981901	0.9719789842381786	0.9357820280669985	0.8439363817097415	0.9031914893617021	False
26/05/2021 06:33:25	176000	1.8260169108696283	33.19210665386915	2.5748724937438965	5.493593692779541	2.8486850261688232	0.9998075468750001	3.7408599853515625	0.9701448590821401	0.8288690476190477	0.9754816112084063	0.9420303304662744	0.8387715930902111	0.9297872340425531	False
26/05/2021 06:35:30	177000	2.0996867115423083	31.00189688307047	2.5402348041534424	5.2711029052734375	3.8875515460968018	0.999055734375	3.6200037002563477	0.970819620845231	0.8360902255639098	0.9737302977232924	0.9373721140787686	0.8357487922705314	0.9202127659574468	False
26/05/2021 06:37:35	178000	1.985653509605676	30.109227417707444	2.5260696411132812	5.115167140960693	3.6683480739593506	0.9990991250000001	3.486530303955078	0.971856300281253	0.8473282442748091	0.9719789842381786	0.9376086464463558	0.8691588785046729	0.8904255319148936	False
26/05/2021 06:39:40	179000	1.8338022449873388	31.231185829341413	2.594144344329834	5.359649181365967	2.8834893703460693	0.999871890625	3.6949734687805176	0.9733806484460543	0.8416289592760181	0.9772329246935202	0.9382741059302853	0.8320388349514564	0.9117021276595745	False
26/05/2021 06:41:45	180000	1.8366443236656487	32.02331851071119	2.542665958404541	5.251430034637451	2.995549201965332	0.9996721093750001	3.55582332611084	0.9668354593440702	0.8460365853658537	0.9719789842381786	0.9363886373924852	0.8407079646017699	0.9095744680851063	False
26/05/2021 06:43:50	181000	1.7603681547753514	31.51968510812521	2.6903326511383057	5.663639545440674	2.8255131244659424	0.9997630625	3.7683279514312744	0.9686910541925708	0.8379204892966361	0.9597197898423818	0.9330307831598008	0.8392857142857143	0.9	False
26/05/2021 06:45:56	182000	1.7709967182837427	32.40882993593812	2.678879737854004	5.516072750091553	2.7721104621887207	0.9997646406249999	3.762371301651001	0.9676881128447036	0.8260869565217391	0.9649737302977233	0.9307390221819829	0.8333333333333334	0.9042553191489362	False
26/05/2021 06:48:01	183000	1.8635317842885852	31.32156682166457	2.5482492446899414	5.215635299682617	3.078763723373413	0.999594859375	3.570223331451416	0.9728776442226591	0.8308383233532934	0.9719789842381786	0.9325486645540969	0.8346379647749511	0.9074468085106383	False
26/05/2021 06:50:06	184000	1.8007390495948494	31.319832765370606	2.5739901065826416	5.246903419494629	2.9172000885009766	0.999634640625	3.6169962882995605	0.9731260792354336	0.8589147286821706	0.9702276707530648	0.9340176550475329	0.8376494023904383	0.8946808510638298	False
26/05/2021 06:52:11	185000	1.7188860407881439	32.51766639633477	2.527156114578247	5.397132873535156	2.6478047370910645	0.99986075	3.6492369174957275	0.9726813498915781	0.8242245199409158	0.9772329246935202	0.9336232458125848	0.8281853281853282	0.9127659574468086	False
26/05/2021 06:54:16	186000	1.7773610905297101	32.891798123806716	2.6644296646118164	5.398381233215332	2.827549695968628	0.999865265625	3.683077573776245	0.9707030710861518	0.8488549618320611	0.9737302977232924	0.9313003621548213	0.8428428428428428	0.8957446808510638	False
26/05/2021 06:56:21	187000	1.7583073079250753	33.28518589308858	2.589764356613159	5.446078300476074	2.7876150608062744	0.999876265625	3.7494759559631348	0.9670624246643826	0.8173784977908689	0.9719789842381786	0.9335581711181531	0.8206831119544592	0.9202127659574468	False
26/05/2021 06:58:27	188000	1.792008894406259	32.628212298750874	2.6034393310546875	5.421898365020752	2.871884346008301	0.99974746875	3.6435775756835938	0.9644768602721743	0.8265460030165912	0.9597197898423818	0.9313818469895883	0.846077457795432	0.9063829787234042	False
26/05/2021 07:00:32	189000	1.7267182104028762	33.07071257394552	2.557913064956665	5.320804119110107	2.708390951156616	0.999821078125	3.6046557426452637	0.971377832849243	0.8424242424242424	0.9737302977232924	0.9316625169760072	0.8359528487229863	0.9053191489361702	False
26/05/2021 07:02:36	190000	1.7542533144541084	33.20310873277485	2.5966854095458984	5.465846061706543	2.8112218379974365	0.9996992187499999	3.7480974197387695	0.9768342018335118	0.8437025796661608	0.9737302977232924	0.9333838841104573	0.8372319688109162	0.9138297872340425	False
26/05/2021 07:04:42	191000	1.7648006083443761	33.88029917284846	2.6439852714538574	5.4188432693481445	2.7631256580352783	0.999928859375	3.692540407180786	0.9651914943212663	0.8248502994011976	0.9649737302977233	0.9286747397012224	0.8373253493013972	0.8925531914893617	False
26/05/2021 07:06:46	192000	1.7444939314350485	33.74502356098592	2.6104538440704346	5.381589889526367	2.7141659259796143	0.99961090625	3.627434730529785	0.9729573887946608	0.8427480916030534	0.9667250437828371	0.9295631507469444	0.8518896833503575	0.8872340425531915	False
26/05/2021 07:08:51	193000	1.744856847666204	33.17836666145921	2.6063833236694336	5.387190341949463	2.743809700012207	0.999813515625	3.690455675125122	0.968694121291494	0.8320839580209896	0.9719789842381786	0.9366432775011317	0.8364348677766895	0.9085106382978724	False
26/05/2021 07:10:56	194000	1.7147116662077606	33.031458281874656	2.5903520584106445	5.336409091949463	2.6468610763549805	0.9998406718749999	3.647658109664917	0.9629678476019887	0.8320839580209896	0.9719789842381786	0.9333205070167496	0.8374628344895937	0.898936170212766	False
26/05/2021 07:13:01	195000	1.703377709172666	33.56227569013834	2.6367266178131104	5.379922866821289	2.716707468032837	0.999737734375	3.7036502361297607	0.9721568759757209	0.8303571428571429	0.9772329246935202	0.9261057039384336	0.8315270935960591	0.8978723404255319	False
26/05/2021 07:15:06	196000	1.9649642483424394	34.602945285081866	2.595360040664673	5.479379177093506	3.5639076232910156	0.9991609062500001	3.6644129753112793	0.9614281639425717	0.8043795620437956	0.9649737302977233	0.9280726573110004	0.823992133726647	0.8914893617021277	False
26/05/2021 07:17:11	197000	1.99649649996683	31.923852992624045	2.536590814590454	4.845266342163086	4.423691749572754	0.9991182656250001	3.361037254333496	0.9519508282700642	0.8196969696969697	0.9474605954465849	0.913833182435491	0.8189054726368159	0.875531914893617	False
26/05/2021 07:19:17	198000	2.278897971458733	29.41674727575481	2.46223783493042	4.990862846374512	5.331239223480225	0.9981472499999998	3.4705967903137207	0.9692247294051975	0.8376722817764165	0.957968476357268	0.9335615663196017	0.8501498501498501	0.9053191489361702	False
26/05/2021 07:21:22	199000	1.8711623916737736	29.912337712943554	2.592702627182007	5.400965213775635	3.2679076194763184	0.9993330625	3.712772846221924	0.9701172551918317	0.8298192771084337	0.9649737302977233	0.935011317338162	0.8453914767096135	0.9074468085106383	False
26/05/2021 07:23:27	200000	1.697493903350085	31.80488410678506	2.577709913253784	5.359177112579346	2.6609721183776855	0.999786390625	3.660551071166992	0.9652313666072672	0.8265460030165912	0.9597197898423818	0.9326358080579448	0.8344760039177277	0.9063829787234042	False
26/05/2021 07:25:31	201000	1.6636808121018112	33.15570506678522	2.6043574810028076	5.382682800292969	2.5727598667144775	0.999885921875	3.6975438594818115	0.9656699617532766	0.8273273273273273	0.9649737302977233	0.9291579900407424	0.8227360308285164	0.9085106382978724	False
26/05/2021 07:27:36	202000	1.670299731656909	33.19457539890706	2.586000919342041	5.358005523681641	2.583961009979248	0.9998180156250001	3.644287586212158	0.96875853036888	0.8300751879699249	0.9667250437828371	0.9334302851969217	0.8413173652694611	0.8968085106382979	False
26/05/2021 07:29:41	203000	1.6867273065932096	34.58935211113095	2.666717290878296	5.466441631317139	2.6188859939575195	0.99991815625	3.7556872367858887	0.9640658690164734	0.8250377073906485	0.957968476357268	0.9288003621548213	0.8299120234604106	0.9031914893617021	False
26/05/2021 07:31:46	204000	1.691836601998657	33.56356866289675	2.5798416137695312	5.289724349975586	2.6600170135498047	0.9996657656250001	3.581364154815674	0.9655871500823516	0.8386605783866058	0.9649737302977233	0.925921231326392	0.8395560040363269	0.8851063829787233	False
26/05/2021 07:33:51	205000	2.2149188636094332	30.414754171848298	2.5084967613220215	4.572114944458008	5.594444274902344	0.99767865625	3.218510866165161	0.9609006229277913	0.8358895705521472	0.9544658493870403	0.9013411045722045	0.8189300411522634	0.8468085106382979	False
26/05/2021 07:35:56	206000	2.529277125619352	26.478731405198573	2.47145938873291	5.1800031661987305	10.446859359741211	0.99670859375	3.4678454399108887	0.9690161666784239	0.8219584569732937	0.9702276707530648	0.9307990040742415	0.8261296660117878	0.8946808510638298	False
26/05/2021 07:38:02	207000	1.9569967049136758	28.89363896436989	2.519845962524414	5.26373815536499	3.2910866737365723	0.9995409999999999	3.510817050933838	0.9708104195484617	0.8401826484018264	0.9667250437828371	0.9295020371208691	0.8346613545816733	0.8914893617021277	False
26/05/2021 07:40:06	208000	1.8008430781960487	31.28472713153064	2.527961015701294	5.308037757873535	2.844973087310791	0.9998442187500001	3.5715584754943848	0.968519296652875	0.8171091445427728	0.9702276707530648	0.9296910366681757	0.8364905284147557	0.8925531914893617	False
26/05/2021 07:42:12	209000	1.7874755383916199	32.03690986135602	2.5816843509674072	5.368073463439941	2.819700002670288	0.99990496875	3.648031711578369	0.9706570646023047	0.8217967599410898	0.9772329246935202	0.9282888184698959	0.8243243243243243	0.9085106382978724	False
26/05/2021 07:44:17	210000	1.7715210386626423	32.915218163073064	2.6023027896881104	5.507927417755127	2.7812860012054443	0.9998054531249999	3.7342071533203125	0.9695927812759745	0.8333333333333334	0.9719789842381786	0.9365765052059757	0.8390578999018645	0.9095744680851063	False
26/05/2021 07:46:22	211000	1.646957056451589	32.72602500538528	2.6642088890075684	5.660937786102295	2.5417611598968506	0.9998075625	3.7617411613464355	0.9652221653104978	0.8398791540785498	0.9737302977232924	0.9361702127659575	0.8572884811416922	0.8946808510638298	False
26/05/2021 07:48:27	212000	1.674821030408144	33.286417908728126	2.626889944076538	5.548296928405762	2.594876289367676	0.99980225	3.8210160732269287	0.970966841593542	0.8470948012232415	0.9702276707530648	0.9356937528293343	0.8398821218074656	0.9095744680851063	False
26/05/2021 07:50:33	213000	1.7078611279670148	34.34874780103564	2.5698719024658203	5.519742012023926	2.6765761375427246	0.999883703125	3.7674055099487305	0.970859493131232	0.838855421686747	0.9754816112084063	0.9285989135355365	0.8210227272727273	0.9223404255319149	False
26/05/2021 07:52:38	214000	1.6966061225533486	33.30744342687726	2.6242237091064453	5.5311760902404785	2.702204704284668	0.9996891562500001	3.7492713928222656	0.9689333550074991	0.8348348348348348	0.9737302977232924	0.9425181077410594	0.8585961342828077	0.8978723404255319	False
26/05/2021 07:54:43	215000	2.285007999036461	28.69908617672324	2.4769370555877686	5.146226406097412	6.198392391204834	0.9975358437499999	3.4715218544006348	0.9723562374057251	0.8371040723981901	0.9719789842381786	0.938645880488909	0.8505050505050505	0.8957446808510638	False
26/05/2021 07:56:48	216000	1.9636998048126697	29.995201137721537	2.5104782581329346	5.149313926696777	3.4358837604522705	0.9990810156250001	3.5777781009674072	0.97579752239749	0.8318318318318318	0.9702276707530648	0.9298279764599366	0.8271844660194175	0.9063829787234042	False
26/05/2021 07:58:53	217000	1.7618669239506126	30.525375203490256	2.601987361907959	5.36818790435791	2.8053297996520996	0.999790484375	3.6890926361083984	0.9673476648642348	0.8320726172465961	0.9632224168126094	0.9295088275237663	0.8291708291708292	0.8829787234042553	False
26/05/2021 08:00:58	218000	1.607665628142655	32.15314206260443	2.6503942012786865	5.534818649291992	2.4380722045898438	0.99989946875	3.6887106895446777	0.965203762716959	0.8240601503759398	0.9597197898423818	0.9340176550475328	0.8548057259713702	0.8893617021276595	False
26/05/2021 08:03:02	219000	1.6224497209452093	34.336435351103546	2.6482951641082764	5.561130046844482	2.506542444229126	0.999910421875	3.735680341720581	0.9673967384470051	0.8376327769347496	0.9667250437828371	0.9366217745586238	0.8484546360917248	0.9053191489361702	False
26/05/2021 08:05:08	220000	1.686435667257756	33.39626930502057	2.63264799118042	5.483951091766357	2.667468786239624	0.99973296875	3.768420457839966	0.9687401277753411	0.8376327769347496	0.9667250437828371	0.9275181077410593	0.8166986564299424	0.9053191489361702	False
26/05/2021 08:07:12	221000	1.605894015021622	33.474113952487706	2.6486120223999023	5.480273723602295	2.483520030975342	0.999848609375	3.771793842315674	0.9648663818354133	0.8177777777777778	0.9667250437828371	0.9294228157537348	0.8282926829268292	0.9031914893617021	False
26/05/2021 08:09:17	222000	1.663151119042188	34.67023847776652	2.606969118118286	5.516803741455078	2.573749542236328	0.99991365625	3.7678589820861816	0.9741259534843778	0.8437025796661608	0.9737302977232924	0.9342202354006337	0.8401960784313726	0.9117021276595745	False
26/05/2021 08:11:23	223000	1.6252279005274177	33.191843184769155	2.672475814819336	5.631291389465332	2.5872838497161865	0.999883078125	3.78214168548584	0.9736229492609825	0.8560371517027864	0.968476357267951	0.9293492530556813	0.8303747534516766	0.8957446808510638	False
26/05/2021 08:13:28	224000	1.6591928003951908	34.659573024690154	2.6902666091918945	5.785248756408691	2.634589672088623	0.999877875	3.829659938812256	0.972095533997258	0.8408408408408409	0.9807355516637478	0.9358261656858308	0.8405511811023622	0.9085106382978724	False
26/05/2021 08:15:32	225000	1.6366610784903168	34.235031552493574	2.603895425796509	5.461086273193359	2.5478641986846924	0.9998952656250001	3.703908920288086	0.969862685981211	0.8179148311306902	0.9754816112084063	0.9286894522408329	0.8356435643564356	0.8978723404255319	False
26/05/2021 08:17:37	226000	2.0233055461999028	34.432981755703686	2.567638397216797	5.167819499969482	6.896025657653809	0.9986641093750003	3.613365650177002	0.9611797289297972	0.8295625942684767	0.9632224168126094	0.9304594839293798	0.8210922787193974	0.9276595744680851	False
26/05/2021 08:19:42	227000	2.0864156703725456	30.391665900856257	2.535893678665161	5.321943759918213	3.879514217376709	0.9991393125000001	3.6499125957489014	0.9706018568216881	0.8348214285714286	0.9824868651488616	0.936687415119964	0.8326885880077369	0.9159574468085107	False
26/05/2021 08:21:48	228000	1.7320997067093848	31.826543588072063	2.583226203918457	5.470240592956543	2.7281494140625	0.9998717031250001	3.739711284637451	0.973349977456823	0.8289085545722714	0.9842381786339754	0.9329176097781802	0.8264621284755513	0.9170212765957447	False
26/05/2021 08:23:53	229000	1.6722415448948742	33.22515457776189	2.610630989074707	5.533095836639404	2.6311392784118652	0.999894171875	3.7670488357543945	0.9665226152539097	0.8273809523809523	0.9737302977232924	0.9338218650973292	0.8404669260700389	0.9191489361702128	False
26/05/2021 08:25:58	230000	1.6301418559700251	34.50996359884739	2.6157495975494385	5.485663414001465	2.5296313762664795	0.9999431875000001	3.679572820663452	0.9643572434141718	0.8167155425219942	0.9754816112084063	0.9300961973743775	0.8292443572129539	0.898936170212766	False
26/05/2021 08:28:03	231000	1.5632562751807273	34.38006565223634	2.6516013145446777	5.667763710021973	2.458364248275757	0.999894953125	3.8000385761260986	0.9682739287390237	0.8093158660844251	0.9737302977232924	0.9359404708012675	0.8392504930966469	0.9053191489361702	False
26/05/2021 08:30:08	232000	1.617664036024362	34.684606754302976	2.6622543334960938	5.501621246337891	2.5487821102142334	0.9998301562499999	3.7640419006347656	0.9704300992819922	0.828101644245142	0.9702276707530648	0.9239384336803984	0.8296812749003984	0.8861702127659574	False
26/05/2021 08:32:13	233000	1.608911745039746	34.566835449457166	2.7052390575408936	5.600964069366455	2.5753471851348877	0.999832109375	3.8087377548217773	0.9678752058790152	0.8214285714285714	0.9667250437828371	0.9367032593933906	0.8450704225352113	0.8936170212765957	False
26/05/2021 08:34:18	234000	2.1288605337776243	32.86053230133653	2.4202005863189697	4.924668788909912	9.363144874572754	0.99772821875	3.4468917846679688	0.9613238825791849	0.8125915080527086	0.9719789842381786	0.9316511996378452	0.8188824662813102	0.9042553191489362	False
26/05/2021 08:36:23	235000	2.202050471354276	29.338624897897244	2.475163698196411	5.126185894012451	4.8913044929504395	0.9982461718750001	3.5154457092285156	0.9677433206253202	0.8315946348733234	0.9772329246935202	0.9324468085106382	0.8386454183266933	0.8957446808510638	False
26/05/2021 08:38:28	236000	1.8547370931394398	31.49951222294569	2.5118699073791504	5.284770488739014	3.1048271656036377	0.9994558437500001	3.565765142440796	0.9698120788489791	0.8177842565597667	0.9824868651488616	0.9354560887279311	0.8404785643070788	0.8968085106382979	False
26/05/2021 08:40:33	237000	1.716478605866432	32.62203324456513	2.6123039722442627	5.494630813598633	2.683126926422119	0.9998328125	3.730546236038208	0.9722151508552604	0.8152492668621701	0.9737302977232924	0.9304787234042553	0.8298918387413963	0.8978723404255319	False
26/05/2021 08:42:38	238000	1.7075133269503713	32.67430256259441	2.5356502532958984	5.148845195770264	2.8440794944763184	0.999627546875	3.529862403869629	0.9689118853150371	0.827893175074184	0.9772329246935202	0.9260445903123584	0.8426395939086294	0.8829787234042553	False
26/05/2021 08:44:43	239000	1.9053869623206556	30.52051152589917	2.5832877159118652	5.301244735717773	3.9897470474243164	0.999158359375	3.6098523139953613	0.9762085136531908	0.8197674418604651	0.9877408056042032	0.9285734495246716	0.8395939086294416	0.8797872340425532	False
26/05/2021 08:46:48	240000	1.6428843080289661	32.45835705384612	2.616351366043091	5.334003925323486	2.6485393047332764	0.999804171875	3.6374499797821045	0.972592404022807	0.84779299847793	0.9754816112084063	0.9178632865550023	0.8172043010752689	0.8893617021276595	False
26/05/2021 08:48:54	241000	1.6295723993722349	33.498989524826406	2.6836557388305664	5.557784557342529	2.5569422245025635	0.9998439218749999	3.734680652618408	0.9649522606052613	0.8247422680412371	0.9807355516637478	0.9307990040742415	0.8424242424242424	0.8872340425531915	False
26/05/2021 08:50:58	242000	1.5926514643877745	34.1919654161036	2.6194772720336914	5.321819305419922	2.434372901916504	0.9999742968750001	3.6370186805725098	0.968369008805641	0.8303303303303303	0.968476357267951	0.9224920778632865	0.8298507462686567	0.8872340425531915	False
26/05/2021 08:53:03	243000	1.5944495769925415	33.76078425213694	2.6633810997009277	5.684774875640869	2.505194902420044	0.9999560937499999	3.855924367904663	0.9716630730490949	0.8284023668639053	0.9807355516637478	0.9366545948392938	0.8501498501498501	0.9053191489361702	False
26/05/2021 08:55:08	244000	2.0103552351035177	34.33603018537164	2.6724822521209717	5.107699394226074	5.515124797821045	0.998234890625	3.605760097503662	0.9611091856545648	0.8246656760772659	0.9719789842381786	0.9021389769126301	0.805168986083499	0.8617021276595744	False
26/05/2021 08:57:13	245000	2.165196376468986	28.906103499412538	2.573035717010498	5.29962682723999	4.6457295417785645	0.998100265625	3.6060943603515625	0.9668906671246867	0.8211143695014663	0.9807355516637478	0.9263524219103667	0.8323412698412699	0.8925531914893617	False
26/05/2021 08:59:18	246000	2.2577286503985525	30.96750097836554	2.5029518604278564	5.288607597351074	10.312751770019531	0.9983866249999999	3.5857200622558594	0.9623544278173604	0.8298507462686567	0.9737302977232924	0.9311883205070167	0.8281553398058252	0.9074468085106383	False
26/05/2021 09:01:23	247000	1.853787727434188	30.99429818627238	2.4969592094421387	5.273626804351807	3.0573794841766357	0.9997217500000001	3.5685245990753174	0.9659030612714352	0.8419452887537994	0.9702276707530648	0.9327093707559982	0.8358061325420376	0.898936170212766	False
26/05/2021 09:03:28	248000	1.730229966621846	32.201536102712154	2.563281774520874	5.354528427124023	2.753713846206665	0.99983834375	3.624885082244873	0.9667710502666843	0.8328313253012049	0.968476357267951	0.9321717971933001	0.837865055387714	0.8851063829787233	False
26/05/2021 09:05:33	249000	1.6528913744650782	33.45882335095108	2.620664119720459	5.539568901062012	2.589224100112915	0.99972103125	3.784233808517456	0.9720556617112572	0.8445121951219512	0.9702276707530648	0.9334336803983705	0.8362919132149902	0.902127659574468	False
26/05/2021 09:07:38	250000	1.616726163327694	33.4650079715848	2.667222738265991	5.778040885925293	2.5542378425598145	0.99982878125	3.8647966384887695	0.970077382905831	0.8230088495575221	0.9772329246935202	0.9384619737437756	0.8392156862745098	0.9106382978723404	False
26/05/2021 09:09:43	251000	1.6000172657445073	34.40978792098164	2.5783002376556396	5.475423336029053	2.4717955589294434	0.999964234375	3.654200553894043	0.9670440220708438	0.8549382716049383	0.9702276707530648	0.9348008148483478	0.8427860696517413	0.9010638297872341	False
26/05/2021 09:11:48	252000	1.5774172956421972	34.026451179236176	2.638115882873535	5.436234951019287	2.4694418907165527	0.99994621875	3.7298130989074707	0.9672924570836183	0.8067846607669616	0.957968476357268	0.9223879583521956	0.8306930693069307	0.8925531914893617	False
26/05/2021 09:13:53	253000	1.6354137623012066	35.058497155994175	2.673013925552368	5.505358695983887	2.5687038898468018	0.9998524687500001	3.758617639541626	0.9678291993951682	0.8147058823529412	0.9702276707530648	0.9261588954277953	0.831041257367387	0.9	False
26/05/2021 09:15:58	254000	1.7213154564145952	33.80391067446768	2.5727992057800293	5.407771110534668	2.824448347091675	0.999713453125	3.6428933143615723	0.9635628647930781	0.8173784977908689	0.9719789842381786	0.9346502942507922	0.8506559031281534	0.8968085106382979	False
26/05/2021 09:18:02	255000	1.7287424928098918	34.715780890539286	2.8541982173919678	5.439817905426025	2.989733934402466	0.999561546875	3.7759978771209717	0.9447462128996047	0.816923076923077	0.9299474605954466	0.9005194658216387	0.8003952569169961	0.8617021276595744	False
26/05/2021 09:20:07	256000	2.3620052060186865	27.822502938330175	2.4694626331329346	5.155115604400635	8.177712440490723	0.996843265625	3.4690475463867188	0.9635904686833864	0.8376327769347496	0.9667250437828371	0.938184698958805	0.8564154786150713	0.8946808510638298	False
26/05/2021 09:22:12	257000	1.7263413286805154	31.023169313579796	2.541480541229248	5.485379695892334	2.7936158180236816	0.99977753125	3.668330192565918	0.9726997524851169	0.8441754916792739	0.9772329246935202	0.9383918062471707	0.8420019627085378	0.9127659574468086	False
26/05/2021 09:24:17	258000	1.6359492357335985	33.622892472326754	2.5873186588287354	5.410988807678223	2.5770609378814697	0.9998072812500001	3.686431646347046	0.9740370076156066	0.8333333333333334	0.9719789842381786	0.9318186962426438	0.8302439024390244	0.9053191489361702	False
26/05/2021 09:26:23	259000	1.6088605606593191	34.406125744089486	2.6316680908203125	5.717555999755859	2.496368169784546	0.9999071562499999	3.8011701107025146	0.9698657530801341	0.8177777777777778	0.9667250437828371	0.9384076505205975	0.851593625498008	0.9095744680851063	False
26/05/2021 09:28:28	260000	1.5164152374975384	34.46833569169044	2.573204278945923	5.6132121086120605	2.294121026992798	0.999914640625	3.7937591075897217	0.9696418548587449	0.8315946348733234	0.9772329246935202	0.9292406066093255	0.8111954459203036	0.9095744680851063	False
26/05/2021 09:30:33	261000	1.5708966007865965	34.582146950244905	2.6147866249084473	5.435028076171875	2.458106756210327	0.999827046875	3.663393259048462	0.9665563533420644	0.8295964125560538	0.9719789842381786	0.9269160253508375	0.837784371909001	0.9010638297872341	False
26/05/2021 09:32:38	262000	1.5507531752735377	34.797198413848875	2.590132474899292	5.401870250701904	2.434495687484741	0.99980971875	3.6568713188171387	0.9677985284059366	0.8323353293413174	0.9737302977232924	0.9332650520597554	0.8424182358771061	0.9042553191489362	False
26/05/2021 09:34:43	263000	1.5334388469867408	35.051326039507984	2.6045665740966797	5.606536865234375	2.368835210800171	0.99984921875	3.800950050354004	0.9726874840894243	0.8469696969696969	0.978984238178634	0.9326923947487551	0.8362573099415205	0.9127659574468086	False
26/05/2021 09:36:48	264000	1.5943784416243434	35.82241778543592	2.6600496768951416	5.589538097381592	2.5330424308776855	0.999876546875	3.834336996078491	0.9669121368171487	0.8346094946401225	0.9544658493870403	0.9238082842915345	0.8303921568627451	0.9010638297872341	False
26/05/2021 09:38:53	265000	1.545306316830218	35.54708282077313	2.630048990249634	5.5186896324157715	2.389784097671509	0.9999275781250001	3.7119297981262207	0.9684395520808733	0.8273273273273273	0.9649737302977233	0.9240561339972838	0.8361809045226131	0.8851063829787233	False
26/05/2021 09:40:58	266000	1.718240113608539	35.00380346249044	2.5756165981292725	5.401188373565674	2.8949663639068604	0.999646109375	3.6476502418518066	0.9627868887655233	0.8241430700447094	0.968476357267951	0.9261079674060662	0.8234146341463414	0.8978723404255319	False
26/05/2021 09:43:03	267000	1.95666546449624	32.00638291054964	2.529103994369507	5.209975719451904	4.107353687286377	0.998799484375	3.5229334831237793	0.9701908655659871	0.8424242424242424	0.9737302977232924	0.9283533272974196	0.8411588411588412	0.8957446808510638	False
26/05/2021 09:45:08	268000	1.8092081257849932	32.24938739413023	2.5336995124816895	5.315545082092285	3.6315813064575195	0.9992549218750001	3.589980125427246	0.966139227888517	0.8223880597014925	0.9649737302977233	0.9363297872340425	0.843098311817279	0.9031914893617021	False
26/05/2021 09:47:13	269000	1.6105748430229723	33.134879478365185	2.6285669803619385	5.571149826049805	2.729865789413452	0.999775046875	3.768061637878418	0.971920709358639	0.837593984962406	0.9754816112084063	0.9319431869624265	0.844689378757515	0.8968085106382979	False
26/05/2021 09:49:18	270000	1.480422096863389	35.51468379431963	2.5291082859039307	5.318774700164795	2.2933051586151123	0.99982946875	3.5794243812561035	0.9673906042491588	0.8338368580060423	0.9667250437828371	0.9320065640561341	0.8371628371628371	0.8914893617021277	False
26/05/2021 09:51:23	271000	1.4573245271146298	35.19159611913562	2.728379964828491	5.900145530700684	2.2800426483154297	0.999926859375	3.921706199645996	0.9676206366683945	0.8084795321637427	0.968476357267951	0.9326686283386147	0.8323471400394478	0.8978723404255319	False
26/05/2021 09:53:28	272000	1.552739068513736	35.57695295248926	2.6847825050354004	5.637871742248535	2.4609391689300537	0.9998455	3.796220541000366	0.9719851184360251	0.8516819571865444	0.9754816112084063	0.9286283386147576	0.8366733466933868	0.8882978723404256	False
26/05/2021 09:55:33	273000	1.5191836743503808	35.6524981379509	2.661489248275757	5.610326766967773	2.434471607208252	0.99988834375	3.738914966583252	0.9718010925006364	0.8416289592760181	0.9772329246935202	0.9280421004979629	0.8376753507014028	0.8893617021276595	False
26/05/2021 09:57:38	274000	1.5085602566860616	36.494865129455924	2.709789991378784	5.699522972106934	2.3903391361236572	0.9998551875	3.8311963081359863	0.9601185127023901	0.8343465045592705	0.9614711033274956	0.9302874603893164	0.8300589390962672	0.898936170212766	False
26/05/2021 09:59:43	275000	1.7269197526872158	34.14687026488781	2.682654619216919	5.692704200744629	3.0362777709960938	0.99954178125	3.7916884422302246	0.9676053011737787	0.8333333333333334	0.9719789842381786	0.9300430058850158	0.8364905284147557	0.8925531914893617	False
26/05/2021 10:01:48	276000	1.9080204927548765	31.80932796384394	2.5603177547454834	5.508591175079346	4.477450370788574	0.9987154687500001	3.6952202320098877	0.9675562275910086	0.8454545454545455	0.9772329246935202	0.9363467632412857	0.8369351669941061	0.9063829787234042	False
26/05/2021 10:03:53	277000	1.5497978799119592	33.37096122688055	2.6350045204162598	5.632302284240723	2.485466718673706	0.99993434375	3.791274070739746	0.9699454976521359	0.8447488584474886	0.9719789842381786	0.9335966500679039	0.8486973947895792	0.9010638297872341	False
26/05/2021 10:05:59	278000	1.4943876452334226	34.82760918101668	2.7136220932006836	5.770137310028076	2.3733901977539062	0.9998515625	3.8619377613067627	0.970101919697216	0.8301043219076006	0.9754816112084063	0.9300814848347669	0.8369781312127237	0.8957446808510638	False
26/05/2021 10:08:04	279000	1.4734912070315331	35.58853624951839	2.662186861038208	5.6113810539245605	2.322328567504883	0.99992346875	3.793351411819458	0.9716293349609404	0.8452200303490136	0.9754816112084063	0.9347023540063377	0.8426294820717132	0.9	False
26/05/2021 10:10:09	280000	1.4644381322860718	35.358959411114455	2.7085001468658447	5.7713398933410645	2.2493789196014404	0.999935265625	3.926178455352783	0.9740799470005306	0.8519083969465648	0.9772329246935202	0.9313660027161612	0.827485380116959	0.9031914893617021	False
26/05/2021 10:12:14	281000	1.49136273156479	35.692798971146345	2.625237464904785	5.659680366516113	2.3055365085601807	0.9998499062499999	3.788320541381836	0.9685591689388757	0.8251851851851851	0.9754816112084063	0.9325667722951562	0.8424182358771061	0.9042553191489362	False
26/05/2021 10:14:19	282000	1.4920736287944019	36.269538640022276	2.6778669357299805	5.647399425506592	2.3389711380004883	0.999816890625	3.8538928031921387	0.9725126594508051	0.8398203592814372	0.9824868651488616	0.9284155726573109	0.8328474246841594	0.9117021276595745	False
26/05/2021 10:16:24	283000	1.5004933673720806	36.94270887687802	2.7830541133880615	5.82999849319458	2.3518383502960205	0.999885234375	3.969160318374634	0.9598946144810008	0.8172514619883041	0.978984238178634	0.9227546401086464	0.8119575699132112	0.8957446808510638	False
26/05/2021 10:18:30	284000	2.0879279951862992	33.71993976008892	2.550180196762085	5.343847751617432	6.002505302429199	0.9980535625000001	3.559528112411499	0.9644768602721744	0.8258258258258259	0.9632224168126094	0.925345178813943	0.8370221327967807	0.8851063829787233	False
26/05/2021 10:20:34	285000	1.639560612488538	33.21946968188882	2.599154233932495	5.415344715118408	2.720327377319336	0.99981475	3.705916166305542	0.9678752058790152	0.8340943683409436	0.9597197898423818	0.9209336803983703	0.8269419862340216	0.8946808510638298	False
26/05/2021 10:22:39	286000	1.5023497967272996	35.86500572049618	2.679234266281128	5.695898532867432	2.347827196121216	0.999953390625	3.8053202629089355	0.9706631988001508	0.827123695976155	0.9719789842381786	0.9271831145314623	0.8354935194416749	0.8914893617021277	False
26/05/2021 10:24:44	287000	1.4307127249278129	36.50843245626986	2.6851305961608887	5.71382474899292	2.2201476097106934	0.9998863437500001	3.8843936920166016	0.9758680656727222	0.8301043219076006	0.9754816112084063	0.9322080126754186	0.8241545893719807	0.9074468085106383	False
26/05/2021 10:26:49	288000	1.4364930231329054	36.528182263299826	2.6449406147003174	5.414995193481445	2.21882963180542	0.999788640625	3.755943536758423	0.9716139994663249	0.8338323353293413	0.9754816112084063	0.920871435038479	0.8202357563850687	0.8882978723404256	False
26/05/2021 10:28:54	289000	1.4328472040947526	36.076509979635475	2.7026944160461426	5.894734859466553	2.25539493560791	0.9999099375	3.9789652824401855	0.9692492661965826	0.827893175074184	0.9772329246935202	0.9350599818922589	0.8300970873786407	0.9095744680851063	False
26/05/2021 10:30:59	290000	1.4473754747733474	36.517561189383265	2.651670217514038	5.663250923156738	2.27091908454895	0.999907296875	3.7985239028930664	0.9609466294116384	0.8057971014492754	0.9737302977232924	0.9313139429606156	0.8366336633663366	0.898936170212766	False
26/05/2021 10:33:05	291000	1.4870017938110978	35.789186302274466	2.694260597229004	5.702312469482422	2.3617587089538574	0.9999203593750001	3.876052141189575	0.9676789115479341	0.8310911808669657	0.9737302977232924	0.9284427342688999	0.8336633663366336	0.8957446808510638	False
26/05/2021 10:35:10	292000	1.67191093435511	35.794674639701846	2.652909994125366	5.581140518188477	2.916680335998535	0.999601546875	3.6840672492980957	0.9622900187399743	0.8379204892966361	0.9597197898423818	0.9264837030330467	0.8489208633093526	0.8787234042553191	False
26/05/2021 10:37:15	293000	1.4358098222352564	36.44575034547597	2.6639580726623535	5.702826976776123	2.2759151458740234	0.99959659375	3.835043430328369	0.9685653031367221	0.8266666666666667	0.9772329246935202	0.9313637392485288	0.8348082595870207	0.9031914893617021	False
26/05/2021 10:39:20	294000	1.484697194751352	35.86500292408466	2.6713716983795166	5.727898597717285	2.384091854095459	0.9998418124999999	3.8567748069763184	0.9723899754938797	0.8266068759342302	0.968476357267951	0.9309291534631055	0.8349900596421471	0.8936170212765957	False
26/05/2021 10:41:25	295000	1.7779200724810362	37.24494216907024	2.6548311710357666	5.754627704620361	3.5995116233825684	0.9990300156249999	3.880218029022217	0.9683230023217938	0.8244837758112095	0.978984238178634	0.9296299230421006	0.8231292517006803	0.9010638297872341	False
26/05/2021 10:43:30	296000	2.2415460914056746	30.082542657256127	2.5736000537872314	5.3656134605407715	6.902510166168213	0.9972606875	3.639177083969116	0.9655380764995813	0.8203240058910162	0.9754816112084063	0.9321966953372567	0.834319526627219	0.9	False
26/05/2021 10:45:35	297000	1.5866103759203105	33.726242217540744	2.6004538536071777	5.4321393966674805	2.521749973297119	0.999824953125	3.680874824523926	0.9696878613425919	0.8340807174887892	0.9772329246935202	0.9243435943866002	0.8249027237354085	0.902127659574468	False
26/05/2021 10:47:41	298000	1.4722392843924463	35.99526299706101	2.7060186862945557	5.771305561065674	2.2800474166870117	0.999977609375	3.847238779067993	0.9684916927625666	0.8219584569732937	0.9702276707530648	0.9255771842462652	0.8328387734915925	0.8957446808510638	False
26/05/2021 10:49:46	299000	1.4330222625173628	36.5588813740015	2.7004940509796143	5.701897144317627	2.2554125785827637	0.99996365625	3.8042259216308594	0.9679396149564012	0.8230088495575221	0.9772329246935202	0.9327738795835219	0.8459214501510574	0.8936170212765957	False
26/05/2021 10:51:51	300000	1.453779320690781	36.83534403309226	2.7181079387664795	5.747692584991455	2.261531352996826	0.9998559687499999	3.813066005706787	0.9682647274422542	0.8333333333333334	0.9632224168126094	0.9291330918967858	0.8405215646940822	0.8914893617021277	False
26/05/2021 10:53:56	301000	1.4288613391965628	36.77288953782618	2.7639899253845215	5.801584243774414	2.2090249061584473	0.9998094375000001	3.9164397716522217	0.9666483663097587	0.8205882352941176	0.9772329246935202	0.9179526935264826	0.8158148505303761	0.9	False
26/05/2021 10:56:01	302000	1.9056474270187318	33.60861960178614	2.811267375946045	5.916135311126709	4.1734619140625	0.998506703125	4.0016021728515625	0.9584868160752789	0.8067846607669616	0.957968476357268	0.92879470348574	0.8349802371541502	0.898936170212766	False
26/05/2021 10:58:06	303000	1.6219446659497916	32.1740299833715	2.638810157775879	5.574714183807373	2.7984256744384766	0.999746734375	3.7476015090942383	0.9660288123272839	0.8210059171597633	0.9719789842381786	0.9272283838841104	0.8396414342629482	0.8968085106382979	False
26/05/2021 11:00:11	304000	1.4662325559966267	34.95860054957867	2.625011444091797	5.424091339111328	2.349825620651245	0.999884703125	3.751739501953125	0.9693596817578156	0.8298192771084337	0.9649737302977233	0.9290267089180625	0.8229571984435797	0.9	False
26/05/2021 11:02:15	305000	2.0423803023770453	31.914810866981746	2.558338165283203	5.307281970977783	6.514889717102051	0.9980104843750001	3.606264114379883	0.9722703586358772	0.8239644970414202	0.9754816112084063	0.9310672249886827	0.8381618381618382	0.8925531914893617	False
26/05/2021 11:04:21	306000	1.5737903547212482	34.068844580985605	2.641571283340454	5.564101696014404	2.5690770149230957	0.99980978125	3.7451300621032715	0.9637683604209286	0.8288690476190477	0.9754816112084063	0.9283838841104571	0.8366336633663366	0.898936170212766	False
26/05/2021 11:06:26	307000	1.474363558501005	35.95010034362972	2.7049615383148193	5.5961809158325195	2.2592830657958984	0.9999602343749999	3.792912483215332	0.9673200609739266	0.8348484848484848	0.9649737302977233	0.9246038931643278	0.8326693227091634	0.8893617021276595	False
26/05/2021 11:08:31	308000	1.4333009820710867	35.54601697550714	2.7028536796569824	5.745523452758789	2.209444284439087	0.9999630156249999	3.8474671840667725	0.9633420336706119	0.8223201174743024	0.9807355516637478	0.9295903123585333	0.8204121687929342	0.8893617021276595	False
26/05/2021 11:10:35	309000	1.4468072971180082	36.23528792008758	2.6504294872283936	5.548532009124756	2.224595785140991	0.9999794375	3.8178648948669434	0.9707552117678451	0.8378787878787879	0.968476357267951	0.9256586690810322	0.8240469208211144	0.8968085106382979	False
26/05/2021 11:12:41	310000	1.4239767163470387	36.52422712376714	2.7442502975463867	5.743289470672607	2.2295610904693604	0.99991928125	3.852564811706543	0.9652589704975755	0.8333333333333334	0.9807355516637478	0.9258159800814848	0.8413021363173957	0.8797872340425532	False
26/05/2021 11:14:45	311000	1.4909167987108232	36.58994334197045	2.64418888092041	5.716123580932617	2.361558198928833	0.99984584375	3.9041948318481445	0.970663198800151	0.8378787878787879	0.968476357267951	0.9343311453146218	0.8164616840113529	0.9180851063829787	False
26/05/2021 11:16:50	312000	1.447149276074022	36.780593811392784	2.654712438583374	5.7164177894592285	2.2826972007751465	0.999942125	3.8369884490966797	0.9737118951297536	0.8383233532934131	0.9807355516637478	0.932440018107741	0.8411588411588412	0.8957446808510638	False
26/05/2021 11:18:55	313000	1.5560878820084036	36.59691105818749	2.7146718502044678	5.829188823699951	2.5982651710510254	0.999780125	3.8815135955810547	0.9615324453059585	0.814868804664723	0.978984238178634	0.9231303757356271	0.8211856171039844	0.898936170212766	False
26/05/2021 11:21:01	314000	2.173937770996243	33.65980205492675	2.6271543502807617	5.5796637535095215	7.197099208831787	0.997945203125	3.677011013031006	0.9677985284059366	0.8305847076461769	0.9702276707530648	0.9243730194658215	0.8214643931795386	0.8712765957446809	False
26/05/2021 11:23:06	315000	1.6170827201120554	34.33648069828749	2.6073501110076904	5.473057270050049	2.669875144958496	0.999846984375	3.7331387996673584	0.9691388506353495	0.8328358208955224	0.9772329246935202	0.9224875509280217	0.8157894736842105	0.8904255319148936	False
26/05/2021 11:25:10	316000	1.4804730383455753	35.882223424702886	2.688298463821411	5.5670061111450195	2.360309362411499	0.999906734375	3.80787992477417	0.9618575577918115	0.8303571428571429	0.9772329246935202	0.9222770484382075	0.8168462291870715	0.8872340425531915	False
26/05/2021 11:27:15	317000	1.4186283221654594	36.63957425558567	2.6440186500549316	5.6171698570251465	2.19368314743042	0.99994478125	3.8143491744995117	0.9636119383758485	0.8246656760772659	0.9719789842381786	0.923288818469896	0.8132820019249278	0.898936170212766	False
26/05/2021 11:29:21	318000	1.4037227501682936	36.8941507961452	2.7433438301086426	5.763291835784912	2.166970729827881	0.99997184375	3.8950135707855225	0.9708778957247708	0.8315946348733234	0.9772329246935202	0.9199920778632865	0.8255234297108675	0.8808510638297873	False
26/05/2021 11:31:26	319000	1.3874238161388786	36.841583846196535	2.6968953609466553	5.829381942749023	2.1415927410125732	0.9999091093749999	3.867893934249878	0.9614833717231883	0.8078602620087336	0.9719789842381786	0.9304923042100498	0.8306930693069307	0.8925531914893617	False
26/05/2021 11:33:31	320000	1.4309786380417644	37.342766947492954	2.6430580615997314	5.559743881225586	2.2935068607330322	0.9998322500000001	3.7320713996887207	0.9664367364840618	0.8173784977908689	0.9719789842381786	0.9263614757808962	0.832	0.8851063829787233	False
26/05/2021 11:35:36	321000	1.4117448671907187	37.416980847135186	2.6924407482147217	5.795435905456543	2.2157442569732666	0.999813859375	3.958531379699707	0.9725801356271144	0.8330827067669173	0.9702276707530648	0.9339723856948846	0.8432539682539683	0.9042553191489362	False
